{
 "cells": [
  {
   "cell_type": "code",
   "execution_count": null,
   "id": "15f8b60e",
   "metadata": {},
   "outputs": [],
   "source": []
  },
  {
   "cell_type": "markdown",
   "id": "5a74d3c8",
   "metadata": {},
   "source": [
    "This an example of the wedding code. "
   ]
  },
  {
   "cell_type": "code",
   "execution_count": 257,
   "id": "4d6b97a2",
   "metadata": {},
   "outputs": [
    {
     "name": "stdout",
     "output_type": "stream",
     "text": [
      "[[ 0.          0.90142861  0.46398788  0.19731697 -0.68796272 -0.68801096\n",
      "  -0.88383278  0.73235229  0.20223002  0.41614516 -0.95883101  0.9398197\n",
      "   0.66488528 -0.57532178 -0.63635007 -0.63319098 -0.39151551  0.04951286\n",
      "  -0.13610996 -0.41754172  0.22370579 -0.72101228 -0.4157107  -0.26727631\n",
      "  -0.08786003  0.57035192 -0.60065244  0.02846888  0.18482914 -0.90709917]\n",
      " [ 0.90142861  0.         -0.86989681  0.89777107  0.93126407  0.6167947\n",
      "  -0.39077246 -0.80465577  0.36846605 -0.11969501 -0.75592353 -0.00964618\n",
      "  -0.93122296  0.8186408  -0.48244004  0.32504457 -0.37657785  0.04013604\n",
      "   0.09342056 -0.63029109  0.93916926  0.55026565  0.87899788  0.7896547\n",
      "   0.19579996  0.84374847 -0.823015   -0.60803428 -0.90954542 -0.34933934]\n",
      " [ 0.46398788 -0.86989681  0.         -0.28649335 -0.43813098  0.08539217\n",
      "  -0.71815155  0.60439396 -0.85089871  0.97377387  0.54448954 -0.60256864\n",
      "  -0.98895577  0.63092286  0.41371469  0.45801434  0.54254069 -0.8519107\n",
      "  -0.28306854 -0.76826188  0.72620685  0.24659625 -0.33820395 -0.8728833\n",
      "  -0.37803536 -0.34963336  0.45921236  0.27511494  0.77442549 -0.05557015]\n",
      " [ 0.19731697  0.89777107 -0.28649335  0.          0.54193436 -0.01240881\n",
      "   0.04546566 -0.14491796 -0.94916175 -0.78421715 -0.93714163  0.27282082\n",
      "  -0.37128804  0.01714138  0.81513295 -0.50141554 -0.17923415  0.51110228\n",
      "  -0.54240367 -0.84604018 -0.42049709 -0.67755743  0.8593953   0.61624076\n",
      "   0.26680751  0.74292118  0.60734415 -0.62685988  0.785118    0.07868448]\n",
      " [-0.68796272  0.93126407 -0.43813098  0.54193436  0.         -0.14578442\n",
      "   0.63602953  0.72146117 -0.98609574  0.02149461 -0.16517799 -0.55578438\n",
      "  -0.76026927 -0.32476966  0.88581941 -0.35359414  0.03758124  0.40603792\n",
      "  -0.2727408   0.94356417  0.92489459 -0.49643541 -0.00550299 -0.39824338\n",
      "  -0.43031901 -0.92622611  0.21912867  0.00535805 -0.8970425  -0.44270707]\n",
      " [-0.68801096  0.6167947   0.08539217 -0.01240881 -0.14578442  0.\n",
      "   0.34427109  0.52323923 -0.52472491  0.4564327  -0.26443373  0.26461166\n",
      "   0.26705942  0.07154937 -0.81942046  0.67060499 -0.35843987 -0.62696298\n",
      "  -0.91844972  0.18178589  0.35512872 -0.96682434  0.02418612 -0.54700845\n",
      "   0.29034558 -0.65126714  0.38187548 -0.22652931  0.87345998 -0.72495811]\n",
      " [-0.88383278 -0.39077246 -0.71815155  0.04546566  0.63602953  0.34427109\n",
      "   0.          0.11040162  0.05930116 -0.51629542 -0.81379446  0.79443152\n",
      "   0.80083611  0.26620291 -0.32194042 -0.30158085  0.45191136  0.79422052\n",
      "   0.77417285  0.55975109  0.28406329 -0.83172007 -0.67674257  0.79710838\n",
      "   0.21285812 -0.9816059  -0.79705691  0.32700354 -0.98987683 -0.6783839 ]\n",
      " [ 0.73235229 -0.80465577  0.60439396 -0.14491796  0.72146117  0.52323923\n",
      "   0.11040162  0.          0.2992658   0.69844682  0.31522578  0.13661721\n",
      "  -0.81265046 -0.26456839 -0.46959526 -0.51202071  0.94602111 -0.21380455\n",
      "   0.78409311  0.26227725  0.58962261  0.00527419  0.15380777 -0.01496461\n",
      "  -0.60951402  0.44490423 -0.43845528 -0.95136807  0.29094459 -0.64577864]\n",
      " [ 0.20223002  0.36846605 -0.85089871 -0.94916175 -0.98609574 -0.52472491\n",
      "   0.05930116  0.2992658   0.          0.70601891 -0.41110222 -0.22980454\n",
      "   0.70227334 -0.36615599 -0.66101451  0.11360252  0.87230955  0.39205959\n",
      "   0.14012234 -0.80564701  0.23001445  0.9801077  -0.71983197  0.0366593\n",
      "   0.75474614  0.48153724  0.39403148  0.40496817 -0.2810177  -0.41281631]\n",
      " [ 0.41614516 -0.11969501  0.97377387 -0.78421715  0.02149461  0.4564327\n",
      "  -0.51629542  0.69844682  0.70601891  0.          0.78001068 -0.32400969\n",
      "  -0.24883409 -0.81203612  0.15656028 -0.92811545 -0.06880396  0.08528927\n",
      "  -0.4269175   0.18166652 -0.9389995  -0.92530362  0.64520112 -0.27961872\n",
      "  -0.74587897  0.04448652  0.53998711 -0.56835795  0.24578095 -0.82930507]\n",
      " [-0.95883101 -0.75592353  0.54448954 -0.93714163 -0.16517799 -0.26443373\n",
      "  -0.81379446  0.31522578 -0.41110222  0.78001068  0.         -0.84308724\n",
      "  -0.94929851  0.92529683  0.67196024  0.39194841 -0.18209411 -0.65341136\n",
      "  -0.68712591 -0.4995142   0.09845333  0.42919185  0.32039475 -0.44013221\n",
      "   0.90973056  0.47579383  0.10870811  0.22344149 -0.16079988 -0.50453802]\n",
      " [ 0.9398197  -0.00964618 -0.60256864  0.27282082 -0.55578438  0.26461166\n",
      "   0.79443152  0.13661721 -0.22980454 -0.32400969 -0.84308724  0.\n",
      "  -0.65359626 -0.1322967  -0.20299053  0.2317002   0.2701873  -0.90939198\n",
      "  -0.25077477  0.25171983  0.00627252  0.71297968  0.31738726 -0.67413115\n",
      "  -0.85886251  0.28483856 -0.94697738  0.17155116  0.88046048  0.15094836]\n",
      " [ 0.66488528 -0.93122296 -0.98895577 -0.37128804 -0.76026927  0.26705942\n",
      "   0.80083611 -0.81265046  0.70227334 -0.24883409 -0.94929851 -0.65359626\n",
      "   0.          0.36601355 -0.8576227  -0.36204874  0.68975062 -0.95345613\n",
      "   0.62893697 -0.43629045 -0.76367034  0.39347433  0.25788569  0.75494403\n",
      "   0.47014209  0.60696186 -0.43593085 -0.64512091  0.5012295   0.61366948]\n",
      " [-0.57532178  0.8186408   0.63092286  0.01714138 -0.32476966  0.07154937\n",
      "   0.26620291 -0.26456839 -0.36615599 -0.81203612  0.92529683 -0.1322967\n",
      "   0.36601355  0.         -0.3599008   0.79104646 -0.22159664 -0.9783247\n",
      "   0.81076395 -0.81742665 -0.36137272  0.90012393  0.90121429  0.14687578\n",
      "   0.26367442 -0.10310896 -0.41357846 -0.34267091  0.34503691  0.50474906]\n",
      " [-0.63635007 -0.48244004  0.41371469  0.81513295  0.88581941 -0.81942046\n",
      "  -0.32194042 -0.46959526 -0.66101451  0.15656028  0.67196024 -0.20299053\n",
      "  -0.8576227  -0.3599008   0.          0.40193826 -0.85447399  0.64372012\n",
      "   0.41248445 -0.83730244 -0.83032457  0.97327916 -0.25145841 -0.25871571\n",
      "   0.62559913  0.89449715  0.97200213  0.50675637 -0.24748083 -0.83299857]\n",
      " [-0.63319098  0.32504457  0.45801434 -0.50141554 -0.35359414  0.67060499\n",
      "  -0.30158085 -0.51202071  0.11360252 -0.92811545  0.39194841  0.2317002\n",
      "  -0.36204874  0.79104646  0.40193826  0.         -0.42857583  0.73719826\n",
      "  -0.55280832  0.92644508 -0.97569105  0.93975765 -0.91368018  0.78228623\n",
      "   0.05540222  0.98592959 -0.85240687  0.10770857  0.93860507  0.04619569]\n",
      " [-0.39151551 -0.37657785  0.54254069 -0.17923415  0.03758124 -0.35843987\n",
      "   0.45191136  0.94602111  0.87230955 -0.06880396 -0.18209411  0.2701873\n",
      "   0.68975062 -0.22159664 -0.85447399 -0.42857583  0.         -0.84453073\n",
      "   0.94878962  0.97242149  0.39632343  0.07219273 -0.38094477  0.62759004\n",
      "   0.36946235 -0.67476612  0.82185437  0.64507449  0.89959983  0.45143902]\n",
      " [ 0.04951286  0.04013604 -0.8519107   0.51110228  0.40603792 -0.62696298\n",
      "   0.79422052 -0.21380455  0.39205959  0.08528927 -0.65341136 -0.90939198\n",
      "  -0.95345613 -0.9783247   0.64372012  0.73719826 -0.84453073  0.\n",
      "  -0.88724901  0.72944475  0.62580202  0.99943535  0.99327367  0.11086341\n",
      "   0.53797483  0.88953146  0.69929478 -0.5053038  -0.09891173 -0.74168117]\n",
      " [-0.13610996  0.09342056 -0.28306854 -0.54240367 -0.2727408  -0.91844972\n",
      "   0.77417285  0.78409311  0.14012234 -0.4269175  -0.68712591 -0.25077477\n",
      "   0.62893697  0.81076395  0.41248445 -0.55280832  0.94878962 -0.88724901\n",
      "   0.          0.2406191   0.40815954 -0.57407168 -0.72725705 -0.97091067\n",
      "  -0.29882488  0.17983537 -0.21551191 -0.12505016  0.80831739 -0.30348907]\n",
      " [-0.41754172 -0.63029109 -0.76826188 -0.84604018  0.94356417  0.18178589\n",
      "   0.55975109  0.26227725 -0.80564701  0.18166652 -0.4995142   0.25171983\n",
      "  -0.43629045 -0.81742665 -0.83730244  0.92644508  0.97242149  0.72944475\n",
      "   0.2406191   0.         -0.72234565  0.28174949 -0.63623983 -0.30866543\n",
      "   0.79357682 -0.05207672  0.33511548 -0.65536026 -0.61542196 -0.91826277]\n",
      " [ 0.22370579  0.93916926  0.72620685 -0.42049709  0.92489459  0.35512872\n",
      "   0.28406329  0.58962261  0.23001445 -0.9389995   0.09845333  0.00627252\n",
      "  -0.76367034 -0.36137272 -0.83032457 -0.97569105  0.39632343  0.62580202\n",
      "   0.40815954 -0.72234565  0.         -0.58130135 -0.25905579 -0.03095403\n",
      "   0.23650954 -0.26217272 -0.07493057  0.49494188 -0.92663359 -0.49512611]\n",
      " [-0.72101228  0.55026565  0.24659625 -0.67755743 -0.49643541 -0.96682434\n",
      "  -0.83172007  0.00527419  0.9801077  -0.92530362  0.42919185  0.71297968\n",
      "   0.39347433  0.90012393  0.97327916  0.93975765  0.07219273  0.99943535\n",
      "  -0.57407168  0.28174949 -0.58130135  0.          0.17368224  0.49087895\n",
      "  -0.13668091 -0.74483939 -0.43244819 -0.27383541  0.29183448  0.14155661]\n",
      " [-0.4157107   0.87899788 -0.33820395  0.8593953  -0.00550299  0.02418612\n",
      "  -0.67674257  0.15380777 -0.71983197  0.64520112  0.32039475  0.31738726\n",
      "   0.25788569  0.90121429 -0.25145841 -0.91368018 -0.38094477  0.99327367\n",
      "  -0.72725705 -0.63623983 -0.25905579  0.17368224  0.          0.33728644\n",
      "   0.85875198  0.11352579  0.14322538 -0.44004181  0.53898587 -0.6259125 ]\n",
      " [-0.26727631  0.7896547  -0.8728833   0.61624076 -0.39824338 -0.54700845\n",
      "   0.79710838 -0.01496461  0.0366593  -0.27961872 -0.44013221 -0.67413115\n",
      "   0.75494403  0.14687578 -0.25871571  0.78228623  0.62759004  0.11086341\n",
      "  -0.97091067 -0.30866543 -0.03095403  0.49087895  0.33728644  0.\n",
      "  -0.30226347  0.85905829  0.66123882  0.93005382 -0.75140555  0.46173495]\n",
      " [-0.08786003  0.19579996 -0.37803536  0.26680751 -0.43031901  0.29034558\n",
      "   0.21285812 -0.60951402  0.75474614 -0.74587897  0.90973056 -0.85886251\n",
      "   0.47014209  0.26367442  0.62559913  0.05540222  0.36946235  0.53797483\n",
      "  -0.29882488  0.79357682  0.23650954 -0.13668091  0.85875198 -0.30226347\n",
      "   0.          0.79914915 -0.23221756  0.08710572  0.81294422  0.24847599]\n",
      " [ 0.57035192  0.84374847 -0.34963336  0.74292118 -0.92622611 -0.65126714\n",
      "  -0.9816059   0.44490423  0.48153724  0.04448652  0.47579383  0.28483856\n",
      "   0.60696186 -0.10310896  0.89449715  0.98592959 -0.67476612  0.88953146\n",
      "   0.17983537 -0.05207672 -0.26217272 -0.74483939  0.11352579  0.85905829\n",
      "   0.79914915  0.         -0.54149721  0.44450514  0.44007307  0.28229527]\n",
      " [-0.60065244 -0.823015    0.45921236  0.60734415  0.21912867  0.38187548\n",
      "  -0.79705691 -0.43845528  0.39403148  0.53998711  0.10870811 -0.94697738\n",
      "  -0.43593085 -0.41357846  0.97200213 -0.85240687  0.82185437  0.69929478\n",
      "  -0.21551191  0.33511548 -0.07493057 -0.43244819  0.14322538  0.66123882\n",
      "  -0.23221756 -0.54149721  0.          0.85113703 -0.09832126 -0.77352391]\n",
      " [ 0.02846888 -0.60803428  0.27511494 -0.62685988  0.00535805 -0.22652931\n",
      "   0.32700354 -0.95136807  0.40496817 -0.56835795  0.22344149  0.17155116\n",
      "  -0.64512091 -0.34267091  0.50675637  0.10770857  0.64507449 -0.5053038\n",
      "  -0.12505016 -0.65536026  0.49494188 -0.27383541 -0.44004181  0.93005382\n",
      "   0.08710572  0.44450514  0.85113703  0.          0.1611767   0.26452858]\n",
      " [ 0.18482914 -0.90954542  0.77442549  0.785118   -0.8970425   0.87345998\n",
      "  -0.98987683  0.29094459 -0.2810177   0.24578095 -0.16079988  0.88046048\n",
      "   0.5012295   0.34503691 -0.24748083  0.93860507  0.89959983 -0.09891173\n",
      "   0.80831739 -0.61542196 -0.92663359  0.29183448  0.53898587 -0.75140555\n",
      "   0.81294422  0.44007307 -0.09832126  0.1611767   0.          0.89223092]\n",
      " [-0.90709917 -0.34933934 -0.05557015  0.07868448 -0.44270707 -0.72495811\n",
      "  -0.6783839  -0.64577864 -0.41281631 -0.82930507 -0.50453802  0.15094836\n",
      "   0.61366948  0.50474906 -0.83299857  0.04619569  0.45143902 -0.74168117\n",
      "  -0.30348907 -0.91826277 -0.49512611  0.14155661 -0.6259125   0.46173495\n",
      "   0.24847599  0.28229527 -0.77352391  0.26452858  0.89223092  0.        ]]\n"
     ]
    }
   ],
   "source": [
    "# Generate the drama matrix\n",
    "import numpy as np\n",
    "\n",
    "# Set the seed so every student gets the EXACT same numbers\n",
    "np.random.seed(42)\n",
    "\n",
    "N = 30  # Number of guests\n",
    "\n",
    "# Generate the upper triangle with random integers (-100 to 100)\n",
    "#upper = np.triu(np.random.randint(-1000, 1001, (N, N)), k=1)\n",
    "upper = np.triu(np.random.uniform(-1, 1, (N, N)), k=1)\n",
    "\n",
    "\n",
    "# Make it symmetric (Matrix + Transpose)\n",
    "# The diagonal remains 0 because k=1 in the step above\n",
    "drama_matrix = upper + upper.T\n",
    "\n",
    "print(drama_matrix)"
   ]
  },
  {
   "cell_type": "markdown",
   "id": "8a8466f7",
   "metadata": {},
   "source": [
    "Save the file."
   ]
  },
  {
   "cell_type": "code",
   "execution_count": 258,
   "id": "6efcbbe3",
   "metadata": {},
   "outputs": [],
   "source": [
    "np.savetxt('drama_matrix.csv', drama_matrix, delimiter=',',  fmt='%.6f')  # save matrix with 6 decimal places"
   ]
  },
  {
   "cell_type": "markdown",
   "id": "802c35b1",
   "metadata": {},
   "source": [
    "Load the file."
   ]
  },
  {
   "cell_type": "code",
   "execution_count": 259,
   "id": "87d40d8d",
   "metadata": {},
   "outputs": [],
   "source": [
    "drama_matrix = np.loadtxt('drama_matrix.csv', delimiter=',', dtype=float)"
   ]
  },
  {
   "cell_type": "code",
   "execution_count": 207,
   "id": "6cb32cd2",
   "metadata": {},
   "outputs": [
    {
     "name": "stdout",
     "output_type": "stream",
     "text": [
      "Seating [0, 1, 2, 3, 4] → Energy = 14\n",
      "Seating [0, 2, 4, 1, 3] → Energy = -5\n"
     ]
    }
   ],
   "source": [
    "import numpy as np\n",
    "\n",
    "# Step 1: Define the drama matrix\n",
    "drama_matrix = np.array([\n",
    "    [ 0,  3, -1,  2,  0],\n",
    "    [ 3,  0,  4, -2,  1],\n",
    "    [-1,  4,  0,  5, -3],\n",
    "    [ 2, -2,  5,  0,  2],\n",
    "    [ 0,  1, -3,  2,  0]\n",
    "])\n",
    "\n",
    "# Step 2: Function to compute total drama energy\n",
    "def drama_energy(s, D):\n",
    "    \"\"\"\n",
    "    s = seating arrangement (list of guest indices)\n",
    "    D = drama matrix\n",
    "    Returns total drama energy (sum of adjacent pair scores)\n",
    "    \"\"\"\n",
    "    total = 0\n",
    "    for k in range(len(s) - 1):\n",
    "        guest_left = s[k]\n",
    "        guest_right = s[k + 1]\n",
    "        total += D[guest_left, guest_right]\n",
    "    return total\n",
    "\n",
    "# Step 3: Test it\n",
    "s1 = [0, 1, 2, 3, 4]  # guests in order\n",
    "s2 = [0, 2, 4, 1, 3]  # different arrangement\n",
    "\n",
    "print(f\"Seating {s1} → Energy = {drama_energy(s1, drama_matrix)}\")\n",
    "print(f\"Seating {s2} → Energy = {drama_energy(s2, drama_matrix)}\")\n"
   ]
  },
  {
   "cell_type": "markdown",
   "id": "08b54cd0",
   "metadata": {},
   "source": [
    "Direct Search"
   ]
  },
  {
   "cell_type": "code",
   "execution_count": 220,
   "id": "db76fe1f",
   "metadata": {},
   "outputs": [],
   "source": [
    "## Direct Search\n",
    "import numpy as np\n",
    "import itertools\n",
    "import math\n",
    "\n",
    "# ============================================\n",
    "# DRAMA ENERGY FUNCTION\n",
    "# ============================================\n",
    "def drama_energy(s, D):\n",
    "    \"\"\"Calculate total drama energy for seating arrangement s\"\"\"\n",
    "    return sum(D[s[k], s[k+1]] for k in range(len(s)-1))\n",
    "\n",
    "# ============================================\n",
    "# BRUTE FORCE SEARCH\n",
    "# ============================================\n",
    "def brute_force_search(D, top_k=10):\n",
    "    \"\"\"\n",
    "    Search ALL permutations, return the top_k best solutions\n",
    "    WARNING: Only works for small N (≤12 or so)\n",
    "    \"\"\"\n",
    "    N = len(D)\n",
    "    \n",
    "    # Store (energy, seating) pairs\n",
    "    best_solutions = []\n",
    "    \n",
    "    count = 0\n",
    "    for perm in itertools.permutations(range(N)):\n",
    "        energy = drama_energy(perm, D)\n",
    "        \n",
    "        # Keep track of top k\n",
    "        best_solutions.append((energy, list(perm)))\n",
    "        best_solutions.sort(key=lambda x: x[0])  # Sort by energy\n",
    "        best_solutions = best_solutions[:top_k]   # Keep only top k\n",
    "        \n",
    "        count += 1\n",
    "        if count % 500000 == 0:\n",
    "            print(f\"Searched {count:,} permutations...\")\n",
    "    \n",
    "    return best_solutions, count\n"
   ]
  },
  {
   "cell_type": "markdown",
   "id": "59dbec87",
   "metadata": {},
   "source": [
    "Run direct search."
   ]
  },
  {
   "cell_type": "code",
   "execution_count": 222,
   "id": "e00e308d",
   "metadata": {},
   "outputs": [
    {
     "name": "stdout",
     "output_type": "stream",
     "text": [
      "N = 10\n",
      "Total permutations to search: 3,628,800\n",
      "\n",
      "Searched 500,000 permutations...\n",
      "Searched 1,000,000 permutations...\n",
      "Searched 1,500,000 permutations...\n",
      "Searched 2,000,000 permutations...\n",
      "Searched 2,500,000 permutations...\n",
      "Searched 3,000,000 permutations...\n",
      "Searched 3,500,000 permutations...\n",
      "\n",
      "==================================================\n",
      "SEARCH COMPLETE: checked 3,628,800 permutations\n",
      "==================================================\n",
      "\n",
      "TOP 10 SOLUTIONS:\n",
      "--------------------------------------------------\n",
      "# 1  Energy = -7.024  Seating = [2, 9, 7, 3, 1, 4, 0, 6, 8, 5]\n",
      "# 2  Energy = -7.024  Seating = [5, 8, 6, 0, 4, 1, 3, 7, 9, 2]\n",
      "# 3  Energy = -7.021  Seating = [2, 9, 7, 3, 1, 5, 8, 6, 0, 4]\n",
      "# 4  Energy = -7.021  Seating = [4, 0, 6, 8, 5, 1, 3, 7, 9, 2]\n",
      "# 5  Energy = -6.996  Seating = [2, 9, 7, 3, 1, 4, 0, 6, 5, 8]\n",
      "# 6  Energy = -6.996  Seating = [8, 5, 6, 0, 4, 1, 3, 7, 9, 2]\n",
      "# 7  Energy = -6.883  Seating = [7, 3, 1, 5, 8, 6, 0, 4, 9, 2]\n",
      "# 8  Energy = -6.883  Seating = [2, 9, 4, 0, 6, 8, 5, 1, 3, 7]\n",
      "# 9  Energy = -6.858  Seating = [1, 3, 7, 5, 8, 6, 0, 4, 9, 2]\n",
      "#10  Energy = -6.858  Seating = [2, 9, 4, 0, 6, 8, 5, 7, 3, 1]\n"
     ]
    }
   ],
   "source": [
    "N = len(drama_matrix)\n",
    "print(f\"N = {N}\")\n",
    "print(f\"Total permutations to search: {math.factorial(N):,}\")\n",
    "print()\n",
    "\n",
    "# Run brute force\n",
    "best_solutions, total_searched = brute_force_search(drama_matrix, top_k=10)\n",
    "\n",
    "# Print results\n",
    "print()\n",
    "print(\"=\" * 50)\n",
    "print(f\"SEARCH COMPLETE: checked {total_searched:,} permutations\")\n",
    "print(\"=\" * 50)\n",
    "print()\n",
    "print(\"TOP 10 SOLUTIONS:\")\n",
    "print(\"-\" * 50)\n",
    "for rank, (energy, seating) in enumerate(best_solutions, 1):\n",
    "    print(f\"#{rank:2d}  Energy = {energy:6.3f}  Seating = {seating}\")"
   ]
  },
  {
   "cell_type": "code",
   "execution_count": null,
   "id": "70c45898",
   "metadata": {},
   "outputs": [],
   "source": []
  },
  {
   "cell_type": "markdown",
   "id": "d57a9d2b",
   "metadata": {},
   "source": [
    "## Simulated Annealing\n"
   ]
  },
  {
   "cell_type": "code",
   "execution_count": 239,
   "id": "113eddb3",
   "metadata": {},
   "outputs": [],
   "source": [
    "import numpy as np\n",
    "import random\n",
    "import math\n",
    "\n",
    "# ============================================\n",
    "# DRAMA ENERGY FUNCTION\n",
    "# ============================================\n",
    "def drama_energy(s, D):\n",
    "    \"\"\"Calculate total drama energy for seating arrangement s\"\"\"\n",
    "    return sum(D[s[k], s[k+1]] for k in range(len(s)-1))\n",
    "\n",
    "# ============================================\n",
    "# SIMULATED ANNEALING\n",
    "# ============================================\n",
    "def simulated_annealing(D, T_start=1000, T_end=0.1, cooling_rate=0.9995, max_steps=100000):\n",
    "    \"\"\"\n",
    "    D = drama matrix (N x N)\n",
    "    T_start = initial temperature (high = explore)\n",
    "    T_end = final temperature (low = refine)\n",
    "    cooling_rate = multiply T by this each step (0.99 to 0.9999)\n",
    "    max_steps = maximum iterations\n",
    "    \"\"\"\n",
    "    N = len(D)\n",
    "    \n",
    "    # Start with random seating\n",
    "    current = list(range(N))\n",
    "    random.shuffle(current)\n",
    "    current_energy = drama_energy(current, D)\n",
    "    \n",
    "    # Track the best solution found\n",
    "    best = current.copy()\n",
    "    best_energy = current_energy\n",
    "    \n",
    "    T = T_start\n",
    "    step = 0\n",
    "    \n",
    "    while T > T_end and step < max_steps:\n",
    "        # Propose a swap: pick two random positions\n",
    "        i, j = random.sample(range(N), 2)\n",
    "        \n",
    "        # Make the swap\n",
    "        new = current.copy()\n",
    "        new[i], new[j] = new[j], new[i]\n",
    "        new_energy = drama_energy(new, D)\n",
    "        \n",
    "        # Decide whether to accept\n",
    "        delta_E = new_energy - current_energy\n",
    "        \n",
    "        if delta_E < 0:\n",
    "            # Better solution → always accept\n",
    "            accept = True\n",
    "        else:\n",
    "            # Worse solution → accept with probability e^(-ΔE/T)\n",
    "            prob = math.exp(-delta_E / T)\n",
    "            accept = random.random() < prob\n",
    "        \n",
    "        if accept:\n",
    "            current = new\n",
    "            current_energy = new_energy\n",
    "            \n",
    "            # Update best if this is the best we've seen\n",
    "            if current_energy < best_energy:\n",
    "                best = current.copy()\n",
    "                best_energy = current_energy\n",
    "        \n",
    "        # Cool down\n",
    "        T *= cooling_rate\n",
    "        step += 1\n",
    "    \n",
    "    return best, best_energy, step\n",
    "\n"
   ]
  },
  {
   "cell_type": "markdown",
   "id": "95a0d263",
   "metadata": {},
   "source": [
    "Run it. "
   ]
  },
  {
   "cell_type": "code",
   "execution_count": 256,
   "id": "99232673",
   "metadata": {},
   "outputs": [
    {
     "name": "stdout",
     "output_type": "stream",
     "text": [
      "Steps taken: 92099\n",
      "Lowest drama found: -14.065074999999998\n",
      "Best seating: [4, 19, 3, 6, 1, 12, 7, 8, 13, 10, 9, 5, 0, 14, 11, 17, 15, 18, 2, 16]\n"
     ]
    }
   ],
   "source": [
    "\n",
    "# Load your drama matrix (or generate for testing)\n",
    "drama_matrix = np.loadtxt('drama_matrix.csv', delimiter=',', dtype=float)\n",
    "\n",
    "# Run simulated annealing\n",
    "best_seating, best_energy, steps = simulated_annealing(drama_matrix, T_start=10, T_end=0.001, cooling_rate=0.9999, max_steps=100000)\n",
    "\n",
    "print(f\"Steps taken: {steps}\")\n",
    "print(f\"Lowest drama found: {best_energy}\")\n",
    "print(f\"Best seating: {best_seating}\")"
   ]
  }
 ],
 "metadata": {
  "kernelspec": {
   "display_name": "jupyterbook",
   "language": "python",
   "name": "python3"
  },
  "language_info": {
   "codemirror_mode": {
    "name": "ipython",
    "version": 3
   },
   "file_extension": ".py",
   "mimetype": "text/x-python",
   "name": "python",
   "nbconvert_exporter": "python",
   "pygments_lexer": "ipython3",
   "version": "3.11.14"
  }
 },
 "nbformat": 4,
 "nbformat_minor": 5
}
