{
 "cells": [
  {
   "cell_type": "code",
   "execution_count": null,
   "id": "15f8b60e",
   "metadata": {},
   "outputs": [],
   "source": []
  },
  {
   "cell_type": "markdown",
   "id": "5a74d3c8",
   "metadata": {},
   "source": [
    "This an example of the wedding code. "
   ]
  },
  {
   "cell_type": "code",
   "execution_count": 236,
   "id": "4d6b97a2",
   "metadata": {},
   "outputs": [
    {
     "name": "stdout",
     "output_type": "stream",
     "text": [
      "[[ 0.          0.90142861  0.46398788  0.19731697 -0.68796272 -0.68801096\n",
      "  -0.88383278  0.73235229  0.20223002  0.41614516 -0.95883101  0.9398197\n",
      "   0.66488528 -0.57532178 -0.63635007 -0.63319098 -0.39151551  0.04951286\n",
      "  -0.13610996 -0.41754172]\n",
      " [ 0.90142861  0.         -0.4157107  -0.26727631 -0.08786003  0.57035192\n",
      "  -0.60065244  0.02846888  0.18482914 -0.90709917  0.2150897  -0.65895175\n",
      "  -0.86989681  0.89777107  0.93126407  0.6167947  -0.39077246 -0.80465577\n",
      "   0.36846605 -0.11969501]\n",
      " [ 0.46398788 -0.4157107   0.          0.8186408  -0.48244004  0.32504457\n",
      "  -0.37657785  0.04013604  0.09342056 -0.63029109  0.93916926  0.55026565\n",
      "   0.87899788  0.7896547   0.19579996  0.84374847 -0.823015   -0.60803428\n",
      "  -0.90954542 -0.34933934]\n",
      " [ 0.19731697 -0.26727631  0.8186408   0.         -0.43813098  0.08539217\n",
      "  -0.71815155  0.60439396 -0.85089871  0.97377387  0.54448954 -0.60256864\n",
      "  -0.98895577  0.63092286  0.41371469  0.45801434  0.54254069 -0.8519107\n",
      "  -0.28306854 -0.76826188]\n",
      " [-0.68796272 -0.08786003 -0.48244004 -0.43813098  0.         -0.34963336\n",
      "   0.45921236  0.27511494  0.77442549 -0.05557015 -0.76081151  0.42648957\n",
      "   0.5215701   0.1225544   0.54193436 -0.01240881  0.04546566 -0.14491796\n",
      "  -0.94916175 -0.78421715]\n",
      " [-0.68801096  0.57035192  0.32504457  0.08539217 -0.34963336  0.\n",
      "  -0.17923415  0.51110228 -0.54240367 -0.84604018 -0.42049709 -0.67755743\n",
      "   0.8593953   0.61624076  0.26680751  0.74292118  0.60734415 -0.62685988\n",
      "   0.785118    0.07868448]\n",
      " [-0.88383278 -0.60065244 -0.37657785 -0.71815155  0.45921236 -0.17923415\n",
      "   0.          0.72146117 -0.98609574  0.02149461 -0.16517799 -0.55578438\n",
      "  -0.76026927 -0.32476966  0.88581941 -0.35359414  0.03758124  0.40603792\n",
      "  -0.2727408   0.94356417]\n",
      " [ 0.73235229  0.02846888  0.04013604  0.60439396  0.27511494  0.51110228\n",
      "   0.72146117  0.         -0.8970425  -0.44270707  0.81653177 -0.52087622\n",
      "  -0.71021026 -0.02109448  0.97130091 -0.51588946  0.34427109  0.52323923\n",
      "  -0.52472491  0.4564327 ]\n",
      " [ 0.20223002  0.18482914  0.09342056 -0.85089871  0.77442549 -0.54240367\n",
      "  -0.98609574 -0.8970425   0.          0.18178589  0.35512872 -0.96682434\n",
      "   0.02418612 -0.54700845  0.29034558 -0.65126714  0.38187548 -0.22652931\n",
      "   0.87345998 -0.72495811]\n",
      " [ 0.41614516 -0.90709917 -0.63029109  0.97377387 -0.05557015 -0.84604018\n",
      "   0.02149461 -0.44270707  0.18178589  0.         -0.81379446  0.79443152\n",
      "   0.80083611  0.26620291 -0.32194042 -0.30158085  0.45191136  0.79422052\n",
      "   0.77417285  0.55975109]\n",
      " [-0.95883101  0.2150897   0.93916926  0.54448954 -0.76081151 -0.42049709\n",
      "  -0.16517799  0.81653177  0.35512872 -0.81379446  0.          0.3837904\n",
      "   0.30392252 -0.55146138  0.42435844 -0.52550183 -0.3492006   0.49298281\n",
      "   0.2992658   0.69844682]\n",
      " [ 0.9398197  -0.65895175  0.55026565 -0.60256864  0.42648957 -0.67755743\n",
      "  -0.55578438 -0.52087622 -0.96682434  0.79443152  0.3837904   0.\n",
      "   0.15380777 -0.01496461 -0.60951402  0.44490423 -0.43845528 -0.95136807\n",
      "   0.29094459 -0.64577864]\n",
      " [ 0.66488528 -0.86989681  0.87899788 -0.98895577  0.5215701   0.8593953\n",
      "  -0.76026927 -0.71021026  0.02418612  0.80083611  0.30392252  0.15380777\n",
      "   0.         -0.36615599 -0.66101451  0.11360252  0.87230955  0.39205959\n",
      "   0.14012234 -0.80564701]\n",
      " [-0.57532178  0.89777107  0.7896547   0.63092286  0.1225544   0.61624076\n",
      "  -0.32476966 -0.02109448 -0.54700845  0.26620291 -0.55146138 -0.01496461\n",
      "  -0.36615599  0.          0.0226848   0.00303259  0.59659036  0.29992786\n",
      "   0.40393375  0.59158534]\n",
      " [-0.63635007  0.93126407  0.19579996  0.41371469  0.54193436  0.26680751\n",
      "   0.88581941  0.97130091  0.29034558 -0.32194042  0.42435844 -0.60951402\n",
      "  -0.66101451  0.0226848   0.          0.04448652  0.53998711 -0.56835795\n",
      "   0.24578095 -0.82930507]\n",
      " [-0.63319098  0.6167947   0.84374847  0.45801434 -0.01240881  0.74292118\n",
      "  -0.35359414 -0.51588946 -0.65126714 -0.30158085 -0.52550183  0.44490423\n",
      "   0.11360252  0.00303259  0.04448652  0.         -0.18209411 -0.65341136\n",
      "  -0.68712591 -0.4995142 ]\n",
      " [-0.39151551 -0.39077246 -0.823015    0.54254069  0.04546566  0.60734415\n",
      "   0.03758124  0.34427109  0.38187548  0.45191136 -0.3492006  -0.43845528\n",
      "   0.87230955  0.59659036  0.53998711 -0.18209411  0.          0.40731572\n",
      "  -0.05165234 -0.80433168]\n",
      " [ 0.04951286 -0.80465577 -0.60803428 -0.8519107  -0.14491796 -0.62685988\n",
      "   0.40603792  0.52323923 -0.22652931  0.79422052  0.49298281 -0.95136807\n",
      "   0.39205959  0.29992786 -0.56835795 -0.65341136  0.40731572  0.\n",
      "   0.88046048  0.15094836]\n",
      " [-0.13610996  0.36846605 -0.90954542 -0.28306854 -0.94916175  0.785118\n",
      "  -0.2727408  -0.52472491  0.87345998  0.77417285  0.2992658   0.29094459\n",
      "   0.14012234  0.40393375  0.24578095 -0.68712591 -0.05165234  0.88046048\n",
      "   0.         -0.43629045]\n",
      " [-0.41754172 -0.11969501 -0.34933934 -0.76826188 -0.78421715  0.07868448\n",
      "   0.94356417  0.4564327  -0.72495811  0.55975109  0.69844682 -0.64577864\n",
      "  -0.80564701  0.59158534 -0.82930507 -0.4995142  -0.80433168  0.15094836\n",
      "  -0.43629045  0.        ]]\n"
     ]
    }
   ],
   "source": [
    "# Generate the drama matrix\n",
    "import numpy as np\n",
    "\n",
    "# Set the seed so every student gets the EXACT same numbers\n",
    "np.random.seed(42)\n",
    "\n",
    "N = 20  # Number of guests\n",
    "\n",
    "# Generate the upper triangle with random integers (-100 to 100)\n",
    "#upper = np.triu(np.random.randint(-1000, 1001, (N, N)), k=1)\n",
    "upper = np.triu(np.random.uniform(-1, 1, (N, N)), k=1)\n",
    "\n",
    "\n",
    "# Make it symmetric (Matrix + Transpose)\n",
    "# The diagonal remains 0 because k=1 in the step above\n",
    "drama_matrix = upper + upper.T\n",
    "\n",
    "print(drama_matrix)"
   ]
  },
  {
   "cell_type": "markdown",
   "id": "8a8466f7",
   "metadata": {},
   "source": [
    "Save the file."
   ]
  },
  {
   "cell_type": "code",
   "execution_count": 238,
   "id": "6efcbbe3",
   "metadata": {},
   "outputs": [],
   "source": [
    "np.savetxt('drama_matrix.csv', drama_matrix, delimiter=',',  fmt='%.6f')  # save matrix with 6 decimal places"
   ]
  },
  {
   "cell_type": "markdown",
   "id": "802c35b1",
   "metadata": {},
   "source": [
    "Load the file."
   ]
  },
  {
   "cell_type": "code",
   "execution_count": 205,
   "id": "87d40d8d",
   "metadata": {},
   "outputs": [],
   "source": [
    "drama_matrix = np.loadtxt('drama_matrix.csv', delimiter=',', dtype=int)"
   ]
  },
  {
   "cell_type": "code",
   "execution_count": 207,
   "id": "6cb32cd2",
   "metadata": {},
   "outputs": [
    {
     "name": "stdout",
     "output_type": "stream",
     "text": [
      "Seating [0, 1, 2, 3, 4] → Energy = 14\n",
      "Seating [0, 2, 4, 1, 3] → Energy = -5\n"
     ]
    }
   ],
   "source": [
    "import numpy as np\n",
    "\n",
    "# Step 1: Define the drama matrix\n",
    "drama_matrix = np.array([\n",
    "    [ 0,  3, -1,  2,  0],\n",
    "    [ 3,  0,  4, -2,  1],\n",
    "    [-1,  4,  0,  5, -3],\n",
    "    [ 2, -2,  5,  0,  2],\n",
    "    [ 0,  1, -3,  2,  0]\n",
    "])\n",
    "\n",
    "# Step 2: Function to compute total drama energy\n",
    "def drama_energy(s, D):\n",
    "    \"\"\"\n",
    "    s = seating arrangement (list of guest indices)\n",
    "    D = drama matrix\n",
    "    Returns total drama energy (sum of adjacent pair scores)\n",
    "    \"\"\"\n",
    "    total = 0\n",
    "    for k in range(len(s) - 1):\n",
    "        guest_left = s[k]\n",
    "        guest_right = s[k + 1]\n",
    "        total += D[guest_left, guest_right]\n",
    "    return total\n",
    "\n",
    "# Step 3: Test it\n",
    "s1 = [0, 1, 2, 3, 4]  # guests in order\n",
    "s2 = [0, 2, 4, 1, 3]  # different arrangement\n",
    "\n",
    "print(f\"Seating {s1} → Energy = {drama_energy(s1, drama_matrix)}\")\n",
    "print(f\"Seating {s2} → Energy = {drama_energy(s2, drama_matrix)}\")\n"
   ]
  },
  {
   "cell_type": "markdown",
   "id": "08b54cd0",
   "metadata": {},
   "source": [
    "Direct Search"
   ]
  },
  {
   "cell_type": "code",
   "execution_count": 220,
   "id": "db76fe1f",
   "metadata": {},
   "outputs": [],
   "source": [
    "## Direct Search\n",
    "import numpy as np\n",
    "import itertools\n",
    "import math\n",
    "\n",
    "# ============================================\n",
    "# DRAMA ENERGY FUNCTION\n",
    "# ============================================\n",
    "def drama_energy(s, D):\n",
    "    \"\"\"Calculate total drama energy for seating arrangement s\"\"\"\n",
    "    return sum(D[s[k], s[k+1]] for k in range(len(s)-1))\n",
    "\n",
    "# ============================================\n",
    "# BRUTE FORCE SEARCH\n",
    "# ============================================\n",
    "def brute_force_search(D, top_k=10):\n",
    "    \"\"\"\n",
    "    Search ALL permutations, return the top_k best solutions\n",
    "    WARNING: Only works for small N (≤12 or so)\n",
    "    \"\"\"\n",
    "    N = len(D)\n",
    "    \n",
    "    # Store (energy, seating) pairs\n",
    "    best_solutions = []\n",
    "    \n",
    "    count = 0\n",
    "    for perm in itertools.permutations(range(N)):\n",
    "        energy = drama_energy(perm, D)\n",
    "        \n",
    "        # Keep track of top k\n",
    "        best_solutions.append((energy, list(perm)))\n",
    "        best_solutions.sort(key=lambda x: x[0])  # Sort by energy\n",
    "        best_solutions = best_solutions[:top_k]   # Keep only top k\n",
    "        \n",
    "        count += 1\n",
    "        if count % 500000 == 0:\n",
    "            print(f\"Searched {count:,} permutations...\")\n",
    "    \n",
    "    return best_solutions, count\n"
   ]
  },
  {
   "cell_type": "markdown",
   "id": "59dbec87",
   "metadata": {},
   "source": [
    "Run direct search."
   ]
  },
  {
   "cell_type": "code",
   "execution_count": 222,
   "id": "e00e308d",
   "metadata": {},
   "outputs": [
    {
     "name": "stdout",
     "output_type": "stream",
     "text": [
      "N = 10\n",
      "Total permutations to search: 3,628,800\n",
      "\n",
      "Searched 500,000 permutations...\n",
      "Searched 1,000,000 permutations...\n",
      "Searched 1,500,000 permutations...\n",
      "Searched 2,000,000 permutations...\n",
      "Searched 2,500,000 permutations...\n",
      "Searched 3,000,000 permutations...\n",
      "Searched 3,500,000 permutations...\n",
      "\n",
      "==================================================\n",
      "SEARCH COMPLETE: checked 3,628,800 permutations\n",
      "==================================================\n",
      "\n",
      "TOP 10 SOLUTIONS:\n",
      "--------------------------------------------------\n",
      "# 1  Energy = -7.024  Seating = [2, 9, 7, 3, 1, 4, 0, 6, 8, 5]\n",
      "# 2  Energy = -7.024  Seating = [5, 8, 6, 0, 4, 1, 3, 7, 9, 2]\n",
      "# 3  Energy = -7.021  Seating = [2, 9, 7, 3, 1, 5, 8, 6, 0, 4]\n",
      "# 4  Energy = -7.021  Seating = [4, 0, 6, 8, 5, 1, 3, 7, 9, 2]\n",
      "# 5  Energy = -6.996  Seating = [2, 9, 7, 3, 1, 4, 0, 6, 5, 8]\n",
      "# 6  Energy = -6.996  Seating = [8, 5, 6, 0, 4, 1, 3, 7, 9, 2]\n",
      "# 7  Energy = -6.883  Seating = [7, 3, 1, 5, 8, 6, 0, 4, 9, 2]\n",
      "# 8  Energy = -6.883  Seating = [2, 9, 4, 0, 6, 8, 5, 1, 3, 7]\n",
      "# 9  Energy = -6.858  Seating = [1, 3, 7, 5, 8, 6, 0, 4, 9, 2]\n",
      "#10  Energy = -6.858  Seating = [2, 9, 4, 0, 6, 8, 5, 7, 3, 1]\n"
     ]
    }
   ],
   "source": [
    "N = len(drama_matrix)\n",
    "print(f\"N = {N}\")\n",
    "print(f\"Total permutations to search: {math.factorial(N):,}\")\n",
    "print()\n",
    "\n",
    "# Run brute force\n",
    "best_solutions, total_searched = brute_force_search(drama_matrix, top_k=10)\n",
    "\n",
    "# Print results\n",
    "print()\n",
    "print(\"=\" * 50)\n",
    "print(f\"SEARCH COMPLETE: checked {total_searched:,} permutations\")\n",
    "print(\"=\" * 50)\n",
    "print()\n",
    "print(\"TOP 10 SOLUTIONS:\")\n",
    "print(\"-\" * 50)\n",
    "for rank, (energy, seating) in enumerate(best_solutions, 1):\n",
    "    print(f\"#{rank:2d}  Energy = {energy:6.3f}  Seating = {seating}\")"
   ]
  },
  {
   "cell_type": "code",
   "execution_count": null,
   "id": "70c45898",
   "metadata": {},
   "outputs": [],
   "source": []
  },
  {
   "cell_type": "markdown",
   "id": "d57a9d2b",
   "metadata": {},
   "source": [
    "## Simulated Annealing\n"
   ]
  },
  {
   "cell_type": "code",
   "execution_count": 239,
   "id": "113eddb3",
   "metadata": {},
   "outputs": [],
   "source": [
    "import numpy as np\n",
    "import random\n",
    "import math\n",
    "\n",
    "# ============================================\n",
    "# DRAMA ENERGY FUNCTION\n",
    "# ============================================\n",
    "def drama_energy(s, D):\n",
    "    \"\"\"Calculate total drama energy for seating arrangement s\"\"\"\n",
    "    return sum(D[s[k], s[k+1]] for k in range(len(s)-1))\n",
    "\n",
    "# ============================================\n",
    "# SIMULATED ANNEALING\n",
    "# ============================================\n",
    "def simulated_annealing(D, T_start=1000, T_end=0.1, cooling_rate=0.9995, max_steps=100000):\n",
    "    \"\"\"\n",
    "    D = drama matrix (N x N)\n",
    "    T_start = initial temperature (high = explore)\n",
    "    T_end = final temperature (low = refine)\n",
    "    cooling_rate = multiply T by this each step (0.99 to 0.9999)\n",
    "    max_steps = maximum iterations\n",
    "    \"\"\"\n",
    "    N = len(D)\n",
    "    \n",
    "    # Start with random seating\n",
    "    current = list(range(N))\n",
    "    random.shuffle(current)\n",
    "    current_energy = drama_energy(current, D)\n",
    "    \n",
    "    # Track the best solution found\n",
    "    best = current.copy()\n",
    "    best_energy = current_energy\n",
    "    \n",
    "    T = T_start\n",
    "    step = 0\n",
    "    \n",
    "    while T > T_end and step < max_steps:\n",
    "        # Propose a swap: pick two random positions\n",
    "        i, j = random.sample(range(N), 2)\n",
    "        \n",
    "        # Make the swap\n",
    "        new = current.copy()\n",
    "        new[i], new[j] = new[j], new[i]\n",
    "        new_energy = drama_energy(new, D)\n",
    "        \n",
    "        # Decide whether to accept\n",
    "        delta_E = new_energy - current_energy\n",
    "        \n",
    "        if delta_E < 0:\n",
    "            # Better solution → always accept\n",
    "            accept = True\n",
    "        else:\n",
    "            # Worse solution → accept with probability e^(-ΔE/T)\n",
    "            prob = math.exp(-delta_E / T)\n",
    "            accept = random.random() < prob\n",
    "        \n",
    "        if accept:\n",
    "            current = new\n",
    "            current_energy = new_energy\n",
    "            \n",
    "            # Update best if this is the best we've seen\n",
    "            if current_energy < best_energy:\n",
    "                best = current.copy()\n",
    "                best_energy = current_energy\n",
    "        \n",
    "        # Cool down\n",
    "        T *= cooling_rate\n",
    "        step += 1\n",
    "    \n",
    "    return best, best_energy, step\n",
    "\n"
   ]
  },
  {
   "cell_type": "markdown",
   "id": "95a0d263",
   "metadata": {},
   "source": [
    "Run it. "
   ]
  },
  {
   "cell_type": "code",
   "execution_count": 256,
   "id": "99232673",
   "metadata": {},
   "outputs": [
    {
     "name": "stdout",
     "output_type": "stream",
     "text": [
      "Steps taken: 92099\n",
      "Lowest drama found: -14.065074999999998\n",
      "Best seating: [4, 19, 3, 6, 1, 12, 7, 8, 13, 10, 9, 5, 0, 14, 11, 17, 15, 18, 2, 16]\n"
     ]
    }
   ],
   "source": [
    "\n",
    "# Load your drama matrix (or generate for testing)\n",
    "drama_matrix = np.loadtxt('drama_matrix.csv', delimiter=',', dtype=float)\n",
    "\n",
    "# Run simulated annealing\n",
    "best_seating, best_energy, steps = simulated_annealing(drama_matrix, T_start=10, T_end=0.001, cooling_rate=0.9999, max_steps=100000)\n",
    "\n",
    "print(f\"Steps taken: {steps}\")\n",
    "print(f\"Lowest drama found: {best_energy}\")\n",
    "print(f\"Best seating: {best_seating}\")"
   ]
  }
 ],
 "metadata": {
  "kernelspec": {
   "display_name": "jupyterbook",
   "language": "python",
   "name": "python3"
  },
  "language_info": {
   "codemirror_mode": {
    "name": "ipython",
    "version": 3
   },
   "file_extension": ".py",
   "mimetype": "text/x-python",
   "name": "python",
   "nbconvert_exporter": "python",
   "pygments_lexer": "ipython3",
   "version": "3.11.14"
  }
 },
 "nbformat": 4,
 "nbformat_minor": 5
}
